k = 4+6
m = 4*j

a = [1,2,3,3]+[5,6,7]
b = [5.4,4.5, 6.3].*[1,2,3]

c = (1-6)*2-(3^2)