A = [1,2,3;4,5,6;1,2,3,4]

B = [3.5,6.8;1.2,6.7]
